0 0 0 1 6 0 0 0 0 7 0 3 0 0 0 0
0 6 0 0 0 5 0 4 14 0 1 0 2 11 0 13 
0 0 0 7 0 3 0 13 8 0 16 4 0 0 1 0
0 0 0 0 1 0 0 0 6 10 0 11 3 0 8 14
0 2 0 0 0 1 11 0 3 0 10 0 0 8 0 12
0 0 12 0 0 0 6 9 0 14 0 0 10 0 5 0
0 1 0 13 0 0 3 15 0 9 0 2 0 6 0 16
1 4 7 0 13 0 0 5 0 6 0 0 9 0 0 11
0 7 0 5 9 6 1 0 2 8 3 10 0 14 0 4
0 0 8 0 0 0 0 3 5 0 0 15 0 13 0 10
6 3 0 4 0 15 0 8 7 0 0 1 0 12 0 2
0 1 0 0 4 11 0 2 0 16 0 0 8 3 6 7
0 0 0 3 0 0 2 10 0 13 0 6 0 5 0 0
5 0 0 2 0 8 0 6 10 1 0 7 0 0 12 9
7 9 1 6 0 14 0 11 0 3 0 5 0 0 10 8
0 0 0 0 0 0 9 1 4 0 0 8 0 7 2 3